train_loss: 0.5655838847160339
train_acc:  0.6959459185600281
val_loss: 0.8131237626075745
val_acc: 0.5405405163764954
test_loss: 0.8131237626075745
test_accuracy: 0.5405405163764954
